route_id,trip_id,service_id,shape_id,direction_id,trip_headsign
7589313,344,0,7589307,0,Nima
7437148,0,0,7437119,0,Amasaman
7476946,346,0,7476945,0,Nima
7476946,347,0,7476928,1,Circle
7477058,340,0,7477001,0,Nima Maamobi
7477058,341,0,7477057,1,Accra New Town
7588801,342,0,7588792,0,Nima
7588801,343,0,7588716,1,Accra
7472304,348,0,7472286,0,Nima Mamobi
7472304,349,0,7472219,1,Ashiaman
7445275,298,0,7445185,0,Agape
7445275,299,0,7445272,1,Abeka Lapaz
7481124,296,0,7481044,0,Yellow House
7481124,297,0,7481118,1,Abeka Lapaz
7480997,294,0,7480923,0,Tetteh Quarshie
7480997,295,0,7480992,1,Abeka Lapaz
7564678,292,0,7560155,0,Tema
7564678,293,0,7564674,1,Abeka Lapaz
7482125,290,0,7482055,0,Santa Maria
7482125,291,0,7482123,1,Abeka Lapaz
7424983,199,0,7424841,1,Kaneshie
7424983,198,0,7423715,0,New town
7423582,195,0,7423570,1,Kaneshie
7423582,194,0,7423503,0,Mamponse
7423611,197,0,7423604,1,Kaneshie
7423611,196,0,7423593,0,Mamprobi Alhaji
7488069,191,0,7488056,1,Kaneshie
7488069,190,0,7487993,0,Maamobi
7423322,193,0,7423269,1,Kaneshie
7423322,192,0,7423029,0,Madina-Adenta
7484682,270,0,7484622,0,Sowutuom
7484682,271,0,7484676,1,Kwashieman Junction
7582824,272,0,7582694,0,Rawlings Park
7582824,273,0,7582819,1,Kwashieman Junction
7480537,274,0,7480400,0,Accra
7480537,275,0,7480536,1,Abeka Lapaz
7484467,276,0,7484395,0,Adenta
7484467,277,0,7484459,1,Abeka Lapaz
7480604,278,0,7480574,0,Alhaji
7480604,279,0,7480603,1,Abeka Lapaz
7425412,524,0,7425316,0,Caprice
7425412,525,0,7425333,1,Accra New Town
7420442,526,0,7420174,0,37
7420442,527,0,7420410,1,Achimota
7452660,520,0,7452373,0,Adjringanor/Otanor
7452660,521,0,7452530,1,Accra End of the Motorway
7466042,522,0,7465985,0,American House
7466042,523,0,7466032,1,Accra End of the Motorway
7437100,528,0,7437084,0,Tema Community One Market
7437100,529,0,7437093,1,Abeka Lapaz
7571475,449,0,7571472,1,Accra Salaga
7571475,448,0,7571466,0,Chemuna
7573493,443,0,7573423,1,Accra Rawlings Park
7573493,442,0,7573398,0,La Olympia
7598186,441,0,7598170,1,Accra Rawlings Park
7598186,440,0,7598052,0,Sakaman Blue Lagoon
7459958,447,0,7459937,1,Accra Rawlings Park
7459958,446,0,7459883,0,Osu Penta Hotel
7573256,445,0,7573254,1,Accra Rawlings Park
7573256,444,0,7573166,0,Nungua Authority
7452837,108,0,7452793,0,Circle
7452837,109,0,7452834,1,WAEC
7471831,102,0,7471704,0,Teachers Hall
7471831,103,0,7471821,1,Circle
7441993,100,0,7441963,0,Dome
7441993,101,0,7441989,1,Abeka Lapaz
7473841,106,0,7473839,0,Circle
7473841,107,0,7473677,1,Accra New Tema Station
7418804,104,0,7418634,0,Tema (Motorway)
7418804,105,0,7418705,1,Circle
7440787,39,0,7440783,1,Abeka Lapaz
7440787,38,0,7440716,0,Sapeiman
7475647,33,0,7475644,1,Akoto Lante
7475647,32,0,7475602,0,Kaneshie
7416167,31,0,7416141,1,Abeka Lapaz
7416167,30,0,7416050,0,Dome Kwabenya
7546726,37,0,7546702,1,Alajo Junction
7546726,36,0,7546679,0,Kotobabi Police Station
7475836,35,0,7475834,1,Alajo
7475836,34,0,7475767,0,Circle
7573629,438,0,7573602,0,Mamprobi
7573629,439,0,7573618,1,Accra Post Office
7421719,436,0,7421169,0,Kaneshie
7421719,437,0,7421637,1,Abeka Lapaz
7574341,434,0,7574340,0,Pigfarm
7574341,435,0,7574244,1,Accra CMB
7460180,432,0,7460118,0,Osu
7460180,433,0,7460020,1,Madina
7460396,430,0,7460368,0,Osu
7460396,431,0,7460240,1,Kaneshie
7456425,339,0,7456423,1,Abeka Lapaz
7456425,338,0,7456407,0,Antie-Eku Pallas Town
7588610,335,0,7588606,1,Accra New Town
7588610,334,0,7588311,0,Kasoa
7477085,337,0,7477084,1,Accra New Town
7477085,336,0,7477078,0,Madina
7481117,331,0,7481021,1,37
7481117,330,0,7481099,0,Accra New Town
7587970,333,0,7587870,1,Adenta
7587970,332,0,7587968,0,New Town
7589313,345,0,7589111,1,Ashaiman
7474831,6,0,7474787,0,Mallam Attah
7418569,99,0,7418496,1,Circle
7418569,98,0,7418430,0,Swanlake Last Stop
7471283,91,0,7471278,1,Circle
7471283,90,0,7471262,0,Osu RE
7471365,93,0,7471361,1,Circle
7471365,92,0,7471344,0,Osu RE
7471406,95,0,7471405,1,Circle
7471406,94,0,7471386,0,Ridge Hospital
7471624,97,0,7471608,1,Circle
7471624,96,0,7471482,0,Stadium
7480396,559,0,7480355,1,Circle
7480396,558,0,7480395,0,Nima - Maamobi
7563714,555,0,7563692,1,Accra Rawlings Park
7563714,554,0,7563654,0,Chemuna
7563536,557,0,7563496,1,Accra New Tema Station
7563536,556,0,7563473,0,Zamrama Line
7463356,551,0,7463339,1,Achimota
7463356,550,0,7463167,0,Legon
7455439,553,0,7455309,1,Circle Odorna
7455439,552,0,7454990,0,SSNIT Flats
7559533,238,0,7559376,0,Kwashieman/Santa Maria
7559533,239,0,7559519,1,Korle Bu
7554981,234,0,7554945,0,Mallam Atta
7554981,235,0,7554979,1,Abeka Main Market
7462415,236,0,7462285,0,Kasoa
7462415,237,0,7462383,1,Korle Bu
7461923,230,0,7461911,0,Abeka Lapaz
7461923,231,0,7461922,1,Korle Bu
7441932,232,0,7441225,0,Tse Addo
7441932,233,0,7441865,1,37 Lorry Park
7437148,1,0,7437138,1,Abeka Lapaz
7499300,146,0,7496999,0,Nyamekye
7499300,147,0,7499295,1,Dansoman
9636520,144,0,9636138,0,Nsawam
9636520,145,0,9636519,1,Abeka Lapaz
7501043,142,0,7498214,0,Dansoman
7501043,143,0,7498111,1,Circle
7552498,140,0,7552492,0,Dansoman
7552498,141,0,7552443,1,Awoshie
7498588,148,0,7498573,0,Circle Overhead
7498588,149,0,7498362,1,Bawaleshie
7549831,133,0,7549829,1,Accra CMB
7549831,132,0,7549814,0,Omanjor
7442241,131,0,7442237,1,Abeka Lapaz
7442241,130,0,7442032,0,Teshie Nungua
7498005,137,0,7497752,1,Achimota
7498005,136,0,7497987,0,Dansoman
7480162,135,0,7480160,1,Accra CMB
7480162,134,0,7480068,0,Weija
7570243,494,0,7570241,0,Zambrama Line
7570243,495,0,7570218,1,Odorna-Circle
7552156,139,0,7552018,1,Arena
7552156,138,0,7552151,0,Dansoman
7571156,490,0,7571153,0,Zambrama Line
7571156,491,0,7571129,1,Arena
7571012,492,0,7571009,0,Zambrama Line
7571012,493,0,7570881,1,Kaneshie
7542142,24,0,7542086,0,Teshie-Nungua
7542142,25,0,7542139,1,Achimota
9642061,26,0,9638821,0,St. Johns
9642061,27,0,9642060,1,Madina
7499479,20,0,7499451,0,Tema
7499479,21,0,7499478,1,Achimota
7542061,22,0,7541972,0,Accra New Tema Station
7542061,23,0,7542012,1,Achimota
9651063,28,0,9650278,0,Sowutuom
9651063,29,0,9651062,1,Madina
7461761,407,0,7461708,1,Odorkor
7461761,406,0,7461665,0,Official Town
7461906,405,0,7461834,1,Kasoa
7461906,404,0,7461838,0,Odorkor
7586940,403,0,7586649,1,Anyah
7586940,402,0,7586875,0,Odorkor
7462969,401,0,7462917,1,Circle Odorna
7462969,400,0,7462748,0,Korle Bu
7597729,409,0,7597691,1,Odorkor
7597729,408,0,7597657,0,South Odorkor
7466637,379,0,7466632,1,Nima Station
7466637,378,0,7466448,0,Nyaho
7456493,371,0,7456492,1,Abeka Lapaz
7456493,370,0,7456456,0,Asofan
7467291,373,0,7467238,1,Nima Overhead
7467291,372,0,7467149,0,Sukura Station
7594861,375,0,7594789,1,Agbogbloshie
7594861,374,0,7594860,0,Nima Station
7466926,377,0,7466879,1,Madina
7466926,376,0,7466923,0,Nima Station
7605661,393,0,7605625,1,Nungua
7605661,392,0,7605660,0,Odorna
7468339,88,0,7468317,0,Osu Presby
7468339,89,0,7468337,1,Circle
7463292,397,0,7463255,1,Circle Odorna
7463292,396,0,7463052,0,Tsui Bleoo
7502905,395,0,7502901,1,Circle Odorna
7502905,394,0,7502705,0,Nungua
7467946,82,0,7467942,0,New Melcom
7467946,83,0,7467945,1,Circle
7420855,80,0,7420681,0,Accra UTC
7420855,81,0,7420795,1,Abeka Lapaz
7551952,86,0,7551926,0,Orgle Road
7551952,87,0,7551948,1,Circle
7467971,84,0,7467968,0,Novotel
7467971,85,0,7467970,1,Circle
7474831,7,0,7474823,1,Achimota
7499299,245,0,7499245,1,Darkuman
7499299,244,0,7499292,0,Korle Bu
7486143,247,0,7486056,1,37
7486143,246,0,7486142,0,Kotobabi Down
7580705,241,0,7580704,1,Korle Bu
7580705,240,0,7580677,0,Mallam
7462998,243,0,7462792,1,Dansoman
7462998,242,0,7462990,0,Kaneshie
7480290,249,0,7480173,1,Accra CMB
7480290,248,0,7480239,0,Kotobabi Down
7436193,519,0,7436014,1,Abeka Lapaz
7436193,518,0,7435911,0,Taifa
7559234,511,0,7559224,1,Abelemkpe
7559234,510,0,7559191,0,Accra
7501604,513,0,7501597,1,Abossey-Okai
7501604,512,0,7501558,0,Kasoa
7473312,515,0,7473304,1,Accra
7473312,514,0,7473233,0,Darkuman
7465665,517,0,7465662,1,Accra
7465665,516,0,7464613,0,Nima
7598208,458,0,7598207,0,Soko
7598208,459,0,7598198,1,Accra Post Office
7571419,450,0,7571363,0,Appiah Danquah
7571419,451,0,7571392,1,Accra Salaga
7459283,452,0,7459269,0,Camara
7459283,453,0,7459274,1,Accra Salaga
7443816,454,0,7443792,0,Korle Bu
7443816,455,0,7443807,1,Abeka Lapaz
7571332,456,0,7571322,0,Shiabu
7571332,457,0,7571303,1,Agbogbloshie
7488566,179,0,7488505,1,Appiah Danquah/ Soko
7488566,178,0,7488563,0,Kaneshie
7516618,177,0,7516584,1,Kaneshie
7516618,176,0,7488596,0,Afropa
7488672,175,0,7488659,1,Kaneshie
7488672,174,0,7488646,0,Sukura
7426683,173,0,7426665,1,Dansoman Last Stop
7426683,172,0,7426676,0,Hansonic
7493202,171,0,7493136,1,Accra Bishop
7493202,170,0,7493196,0,Glefe
7406210,253,0,7406209,1,Abeka Lapaz
7488333,182,0,7488287,0,Kaneshie
7488333,183,0,7488258,1,Camara
7488448,180,0,7488446,0,Kaneshie
7488448,181,0,7488437,1,Bubuashie
7488223,186,0,7488222,0,Good Shepherd
7488223,187,0,7516796,1,Kaneshie
7485664,184,0,7485604,0,Kaneshie
7485664,185,0,7485479,1,Chorkor
7488146,188,0,7488101,0,Korlebu
7488146,189,0,7488142,1,Kaneshie
7541948,11,0,7541947,1,Achimota
7541948,10,0,7541922,0,Medie/Kotoku
7467672,13,0,7467671,1,Achimota
7467672,12,0,7467662,0,Ofankor
7415878,15,0,7415862,1,Abeka Lapaz
7415878,14,0,7415754,0,Circle Accra
7475350,17,0,7475327,1,Achimota
7475350,16,0,7475274,0,Ashaiman Main Station
7478164,19,0,7478156,1,Achimota
7478164,18,0,7477825,0,Taifa
7547781,62,0,7547754,0,Bubuashie Ayigbe Town
7481516,322,0,7481499,0,Awoshie
7481516,323,0,7481510,1,Abeka Lapaz
7584600,320,0,7584548,0,Ashongman
7584600,321,0,7584596,1,Abeka Lapaz
7481388,326,0,7481244,0,Haatso
7481388,327,0,7481384,1,Abeka Lapaz
7518807,324,0,7518611,0,Amasaman
7518807,325,0,7518804,1,Abeka Lapaz
7584959,328,0,7584876,0,Ashaiman Main Station
7584959,329,0,7584952,1,Accra New Tema Station
7445109,201,0,7445107,1,Abeka Main Market
7445109,200,0,7444960,0,Circle Industrial Area
7422818,203,0,7422797,1,Kaneshie
7422818,202,0,7422764,0,Russia
7406253,205,0,7406251,1,Kaneshie
7406253,204,0,7406252,0,Shalom
7459791,207,0,7459789,1,Kaneshie Foot Bridge
7459791,206,0,7459268,0,Makola Tudu
7459986,209,0,7459943,1,Agyapa Ye North Kaneshie
7459986,208,0,7459984,0,Kaneshie Market Station
7479635,77,0,7479571,1,Circle
7479635,76,0,7479429,0,Kotobabi Down Polo Park
7479359,75,0,7479355,1,Circle
7479359,74,0,7479340,0,Immesco Rice
7467938,73,0,7467835,1,Circle
7467938,72,0,7467775,0,Fadama Last stop
7439761,71,0,7439745,1,Abeka Lapaz
7439761,70,0,7439696,0,Kotokuo
7421019,79,0,7421011,1,37 Lorry Park
7421019,78,0,7420887,0,Osu (37 Station)
7473825,2,0,7473673,0,Legon Station
7466844,542,0,7466810,0,Darkuman
7466844,543,0,7466825,1,Achimota
7517276,540,0,7517050,0,Adeyman
7517276,541,0,7517271,1,Abeka Lapaz
7454872,546,0,7454843,0,Dome Pillar 2
7454872,547,0,7454866,1,Achimota
7473499,544,0,7473376,0,Dome /Ashongman Estates
7473499,545,0,7473495,1,Achimota
7541891,8,0,7541816,0,Mayera/Adusa
7455415,548,0,7455013,0,Abeka Lapaz
7455415,549,0,7455393,1,Achimota
7473843,68,0,7473842,0,Circle
7548761,120,0,7548748,0,Alajo
7548761,121,0,7548760,1,Accra CMB
7497485,122,0,7497295,0,Fan-Milk
7497485,123,0,7497484,1,Accra CMB
7479896,124,0,7479872,0,Pigfarm
7479896,125,0,7479893,1,Circle
7548984,126,0,7548867,0,Manhean
7548984,127,0,7548979,1,Accra CMB
7549788,128,0,7549754,0,Odorkor
7549788,129,0,7549779,1,Accra CMB
7575488,414,0,7575482,0,Okponglo
7575488,415,0,7575476,1,Bawaleshie
7579940,416,0,7579927,0,Okponglo
7579940,417,0,7579862,1,Christian Centre
7597906,410,0,7597893,0,Odorkor
7597906,411,0,7597854,1,Accra New Tema Station
7574301,412,0,7573652,0,Okponglo
7574301,413,0,7573640,1,American House
7563761,498,0,7563757,0,Zongo Junction
7586572,418,0,7586571,0,Agbogbloshie
7586572,419,0,7586567,1,Opetekwei
7563761,499,0,7563747,1,Chorkor
7584515,319,0,7584510,1,Accra New Tema Station
7584515,318,0,7584453,0,Pigfarm
7584341,313,0,7584311,1,Abelemkpe
7584341,312,0,7584339,0,Accra New Tema Station
7584117,311,0,7584059,1,Accra CMB
7584117,310,0,7584105,0,New Fadama
7502383,317,0,7502371,1,Accra New Tema Station
7502383,316,0,7502108,0,Dzorwulu
7481933,315,0,7481930,1,Accra New Tema Station
7481933,314,0,7481598,0,Agbogbloshie
7570158,496,0,7570157,0,Zongo Junction
7570158,497,0,7570146,1,Agege
7473825,3,0,7473822,1,Achimota
7594749,368,0,7593390,0,Pokuase Amasaman
7594749,369,0,7594733,1,Nima Overhead
7585974,366,0,7585935,0,Nima Overhead
7585974,367,0,7585780,1,Mallam
7467379,364,0,7467377,0,Nima Overhead
7467379,365,0,7467358,1,Lapaz-Nii Boi Junction
7471933,362,0,7471917,0,Nima Overhead
7471933,363,0,7471894,1,Dome Railway Crossing
7472079,360,0,7472071,0,Nima Overhead
7472079,361,0,7472024,1,Awoshie Last Stop
7463990,380,0,7463937,0,Cantonments
7463990,381,0,7463965,1,Accra New Tema Station
7594941,382,0,7594940,0,Nima Station
7594941,383,0,7594887,1,Accra New Tema Station
7463740,384,0,7463689,0,Odorna
7463740,385,0,7463559,1,Agblezah
7432164,386,0,7431880,0,Kotobabi Down
7432164,387,0,7432100,1,Accra New Tema Station
7432489,388,0,7432263,0,Madina/Adenta
7432489,389,0,7432422,1,Circle Odorna
7495800,60,0,7495720,0,Circle
7495800,61,0,7495749,1,Bubiashie-Atico
7485398,258,0,7485396,0,Kwashieman
7485398,259,0,7485362,1,Achimota
7439593,64,0,7437182,0,Kasoa
7439593,65,0,7437218,1,Abeka Lapaz
7548114,66,0,7548092,0,Chorkor
7548114,67,0,7548047,1,Agbogbloshie
7406210,252,0,7407644,0,37
7473843,69,0,7473828,1,Asore Danho
7480337,250,0,7480336,0,Kotobabi Down
7480337,251,0,7480327,1,Circle Lido
7485324,256,0,7485322,0,Kwashieman
7485324,257,0,7485266,1,A Lang
7485974,254,0,7485960,0,Kotobabi Down
7485974,255,0,7485569,1,Abeka Lapaz
7418141,508,0,7416294,0,Sakumono Estate
7418141,509,0,7418029,1,Abeka Lapaz
7451505,506,0,7451462,0,Six to Six Market
7451505,507,0,7451488,1,Abeka Lapaz
7496962,504,0,7496940,0,Race Course
7496962,505,0,7407962,1,Abeka Lapaz
7458538,502,0,7458464,0,Osu
7458538,503,0,7458534,1,Abeka Lapaz
7585190,500,0,7585174,0,Zongo Junction
7585190,501,0,7585106,1,Korle Bu
7443866,469,0,7443865,1,Abeka Lapaz
7443866,468,0,7443857,0,Mallam Gbawe
7599683,465,0,7599545,1,Nima-Mamobi
7599683,464,0,7599432,0,Sukura
7458358,467,0,7458155,1,Kaneshie Station
7458358,466,0,7458319,0,Tabora Alhaji
7459022,461,0,7458953,1,Accra Post Office
7459022,460,0,7458997,0,Soko
7458729,463,0,7458410,1,Arena
7458729,462,0,7458710,0,Sukura
7554159,168,0,7554095,0,Ebenezer
7554159,169,0,7553913,1,Accra Bishop
7554557,164,0,7554533,0,Adjiringanor
7554557,165,0,7554291,1,Accra New Tema Station
7442731,166,0,7442512,0,Accra U.T.C
7442731,167,0,7442727,1,Abeka Main Market
7492935,160,0,7492898,0,Dzorwulu
7492935,161,0,7492875,1,Circle
7492990,162,0,7492987,0,East Legon
7492990,163,0,7492973,1,Circle
7541891,9,0,7541864,1,Achimota
7593083,357,0,7593019,1,Alajo Station
7593083,356,0,7593076,0,Nima Overhead Maamobi
7518975,355,0,7518969,1,Abeka Lapaz
7518975,354,0,7518920,0,Ashiaman
7435747,353,0,7435650,1,Abeka Lapaz
7435747,352,0,7435456,0,Ashaiman Main Station
7589525,351,0,7589438,1,Achimota Terminal
7589525,350,0,7589522,0,Nima Overhead Maamobi
7472170,359,0,7472135,1,Israel Lomnava
7472170,358,0,7472169,0,Nima Overhead
7517520,216,0,7517381,0,Kaneshie
7517520,217,0,7517511,1,Abeka Main Market
7460717,214,0,7460627,0,Swanlake
7460717,215,0,7460658,1,Kaneshie
7460562,212,0,7460472,0,North Industrial Area
7460562,213,0,7460557,1,Kaneshie Market Station
7460324,210,0,7460211,0,New Fadama
7460324,211,0,7460301,1,Kaneshie Market Station
7460876,218,0,7460874,0,Kaneshie Takoradi Station
7460876,219,0,7460801,1,Dansoman Last Stop
7482407,289,0,7482394,1,Abeka Lapaz
7482407,288,0,7482333,0,Race Course
7474607,4,0,7474572,0,Madina Station
7499803,281,0,7499799,1,Abeka Lapaz
7499803,280,0,7499756,0,Ashaiman
7480899,283,0,7480897,1,Abeka Lapaz
7480899,282,0,7480775,0,Lomnava
7483085,285,0,7483083,1,Abeka Lapaz
7483085,284,0,7482996,0,Madina
7482704,287,0,7482702,1,Abeka Lapaz
7482704,286,0,7482578,0,Omanjor
7582474,263,0,7582417,1,Kwashieman
7582474,262,0,7582466,0,Madina
7485408,261,0,7485401,1,Abeka Lapaz
7485408,260,0,7485406,0,Kwashieman
7484849,267,0,7484705,1,Antie Aku
7484849,266,0,7484796,0,Kwashieman Junction
7485244,265,0,7485090,1,Accra CMB
7485244,264,0,7485198,0,Kwashieman Junction
7582565,269,0,7582562,1,Kwashieman Junction
7582565,268,0,7582514,0,Santa Maria
7495685,59,0,7495671,1,Bubiashie Control (Old Station )
7495685,58,0,7495665,0,Circle
7478410,55,0,7478379,1,Bubiashie Ayigbe Town
7478410,54,0,7478121,0,Circle
7547675,57,0,7547673,1,Agbogbloshie
7547675,56,0,7547642,0,Banana Inn/Dansoman
7551894,51,0,7551863,1,Accra New Tema Station
7551894,50,0,7551890,0,Banana Inn
7547619,53,0,7547613,1,Accra Bishop
7547619,52,0,7547555,0,Cantonment
7541690,537,0,7541688,1,Achimota
7541690,536,0,7541588,0,Akweteman Zongo
7452139,535,0,7452112,1,Achimota
7547781,63,0,7547692,1,Accra CMB
7519069,533,0,7519055,1,Achimota
7519069,532,0,7519008,0,Adjiringanor
7453025,531,0,7453016,1,Achimota
7453025,530,0,7452960,0,Adenta Station
7453712,539,0,7453708,1,Achimota
7453712,538,0,7453599,0,Asofan
7497047,115,0,7497041,1,Circle Overhead
7497047,114,0,7496996,0,Madina
7497118,117,0,7497115,1,Circle Overhead
7497118,116,0,7497095,0,Nima mamobi
7604967,111,0,7604910,1,Abeka Lapaz
7604967,110,0,7604961,0,Circle Lido
7473856,113,0,7473851,1,Abeka Lapaz
7473856,112,0,7473852,0,Circle Overhead
7605155,119,0,7605019,1,Ablekuma
7605155,118,0,7605150,0,Accra CMB
7431840,429,0,7431798,1,Osu
7431840,428,0,7431595,0,Circle
7452139,534,0,7452016,0,Kuntunse/Satelite
7574385,421,0,7574368,1,Circle
7574385,420,0,7574384,0,Opetekwei
7461641,423,0,7461508,1,Accra New Tema Station
7461641,422,0,7461550,0,Opetekwei
7605813,425,0,7605686,1,Kaneshie
7605813,424,0,7605745,0,Orgle Street
7460628,427,0,7460522,1,Kaneshie
7460628,426,0,7460577,0,Orgle-Road
7582991,308,0,7582989,0,Mataheko
7582991,309,0,7582985,1,Kaneshie
7477513,300,0,7477507,0,Legon
7477513,301,0,7477090,1,Dome
7477772,302,0,7477758,0,Mallam Atta
7477772,303,0,7477561,1,Achimota
7582949,304,0,7582938,0,Mallam Attah
7582949,305,0,7582921,1,Kotobabi Down/Polo park
7517720,306,0,7517635,0,Agbogbloshie
7517720,307,0,7517718,1,Abeka Lapaz
7425145,560,0,7425103,0,Circle Overhead
7425145,561,0,7425044,1,Ashaiaman
7563457,562,0,7563404,0,Sowutuom
7563457,563,0,7563449,1,Abeka Lapaz
7559358,229,0,7559285,1,Dzorwulu
7559358,228,0,7559352,0,Kokomlemle
7461829,227,0,7461775,1,Kaneshie Takoradi Station
7461829,226,0,7461768,0,Russia Last Stop
7461717,225,0,7461711,1,Kaneshie Takoradi Station
7461717,224,0,7461690,0,New Russia Last Stop
7461658,223,0,7461655,1,Kaneshie Takoradi Station
7461658,222,0,7461636,0,Mamprobi C Lante
7460919,221,0,7460916,1,Kaneshie Takoradi Station
7460919,220,0,7460910,0,Korle Bu
7463528,391,0,7463403,1,Nima Mamobi
7463528,390,0,7463516,0,Odorna
7426651,151,0,7426645,1,Dansoman
7426651,150,0,7425735,0,Odorkor
7488778,153,0,7488767,1,Dansoman
7488778,152,0,7488728,0,Santa Maria
7552568,155,0,7552552,1,Agbogbloshie
7552568,154,0,7552566,0,Darkuman
7553882,157,0,7553835,1,Accra CMB
7553882,156,0,7553865,0,Darkuman
7499148,159,0,7498817,1,Accra Post - Office
7499148,158,0,7499139,0,Darkuman
7457677,399,0,7457668,1,Abeka Lapaz
7457677,398,0,7457497,0,Bubiashie
7478026,48,0,7478023,0,Banana Inn
7478026,49,0,7477990,1,Accra Post Office
7476640,46,0,7476413,0,Kaneshie
7476640,47,0,7476521,1,Atico
7547534,44,0,7547356,0,Russia
7547534,45,0,7547497,1,Arena
7546845,42,0,7546832,0,Kaneshie
7546845,43,0,7546841,1,Arena
7476180,40,0,7476130,0,Apapa
7476180,41,0,7476011,1,Accra New Tema Station
7474607,5,0,7474605,1,Achimota
7456376,489,0,7455566,1,Agbogbloshie 2
7456376,488,0,7456342,0,Zambrama Line
9652572,487,0,9652571,1,Accra New Tema Station
9652572,486,0,9652081,0,Mateytse
9404548,485,0,9404547,1,Accra New Tema Station
9404548,484,0,9404546,0,Adenta Station
7456596,483,0,7456496,1,Accra New Tema Station
7456596,482,0,7456453,0,Banana Inn
7457826,481,0,7457804,1,Accra New Tema Station
7457826,480,0,7457633,0,Trade Fair (La)
7458324,472,0,7458035,0,Mayera
7458324,473,0,7458272,1,Abeka Lapaz
7559071,470,0,7558873,0,Manhia Afuaman
7559071,471,0,7558983,1,Abeka Lapaz
7571215,476,0,7571202,0,Chemuna
7571215,477,0,7571211,1,Accra New Tema Station
7571264,474,0,7571239,0,Camara
7571264,475,0,7571256,1,Accra New Tema Station
7458055,478,0,7457867,0,Sukura
7458055,479,0,7458019,1,Accra New Tema Station
